NZ_LS974444.1	1	10001	145857
NZ_LS974444.1	10001	20001	94887
NZ_LS974444.1	20001	30001	97264
NZ_LS974444.1	30001	40001	126374
NZ_LS974444.1	40001	50001	119607
NZ_LS974444.1	50001	60001	30406
NZ_LS974444.1	60001	70001	28160
NZ_LS974444.1	70001	80001	83269
NZ_LS974444.1	80001	90001	105294
NZ_LS974444.1	90001	100001	110003
NZ_LS974444.1	100001	110001	36616
NZ_LS974444.1	110001	120001	2628
NZ_LS974444.1	120001	130001	7391
NZ_LS974444.1	130001	140001	16905
NZ_LS974444.1	140001	150001	10275
NZ_LS974444.1	150001	160001	6160
NZ_LS974444.1	160001	170001	5652
NZ_LS974444.1	170001	180001	6452
NZ_LS974444.1	180001	190001	3543
NZ_LS974444.1	190001	200001	21341
NZ_LS974444.1	200001	210001	90951
NZ_LS974444.1	210001	220001	132174
NZ_LS974444.1	220001	230001	102287
NZ_LS974444.1	230001	240001	120502
NZ_LS974444.1	240001	250001	129520
NZ_LS974444.1	250001	260001	115725
NZ_LS974444.1	260001	270001	110269
NZ_LS974444.1	270001	280001	85359
NZ_LS974444.1	280001	290001	110022
NZ_LS974444.1	290001	300001	91841
NZ_LS974444.1	300001	310001	14423
NZ_LS974444.1	310001	320001	12341
NZ_LS974444.1	320001	330001	24805
NZ_LS974444.1	330001	340001	10374
NZ_LS974444.1	340001	350001	4513
NZ_LS974444.1	350001	360001	9114
NZ_LS974444.1	360001	370001	1759
NZ_LS974444.1	370001	380001	0
NZ_LS974444.1	380001	390001	6060
NZ_LS974444.1	390001	400001	593
NZ_LS974444.1	400001	410001	11230
NZ_LS974444.1	410001	420001	112293
NZ_LS974444.1	420001	430001	80376
NZ_LS974444.1	430001	440001	109254
NZ_LS974444.1	440001	450001	113469
NZ_LS974444.1	450001	460001	108129
NZ_LS974444.1	460001	470001	103455
NZ_LS974444.1	470001	480001	113995
NZ_LS974444.1	480001	490001	85780
NZ_LS974444.1	490001	500001	89750
NZ_LS974444.1	500001	510001	34094
NZ_LS974444.1	510001	520001	1619
NZ_LS974444.1	520001	530001	17242
NZ_LS974444.1	530001	540001	5801
NZ_LS974444.1	540001	550001	8207
NZ_LS974444.1	550001	560001	6999
NZ_LS974444.1	560001	570001	454
NZ_LS974444.1	570001	580001	8830
NZ_LS974444.1	580001	590001	17534
NZ_LS974444.1	590001	600001	21260
NZ_LS974444.1	600001	610001	128284
NZ_LS974444.1	610001	620001	117575
NZ_LS974444.1	620001	630001	106677
NZ_LS974444.1	630001	640001	75304
NZ_LS974444.1	640001	650001	98323
NZ_LS974444.1	650001	660001	122236
NZ_LS974444.1	660001	670001	70039
NZ_LS974444.1	670001	680001	120270
NZ_LS974444.1	680001	690001	153930
NZ_LS974444.1	690001	700001	101921
NZ_LS974444.1	700001	710001	0
NZ_LS974444.1	710001	720001	0
NZ_LS974444.1	720001	730001	0
NZ_LS974444.1	730001	740001	5494
NZ_LS974444.1	740001	750001	1033
NZ_LS974444.1	750001	760001	2233
NZ_LS974444.1	760001	770001	9486
NZ_LS974444.1	770001	780001	7181
NZ_LS974444.1	780001	790001	10080
NZ_LS974444.1	790001	800001	41538
NZ_LS974444.1	800001	810001	130625
NZ_LS974444.1	810001	820001	137825
NZ_LS974444.1	820001	830001	155676
NZ_LS974444.1	830001	840001	130516
NZ_LS974444.1	840001	850001	108898
NZ_LS974444.1	850001	860001	130216
NZ_LS974444.1	860001	870001	58684
NZ_LS974444.1	870001	880001	114105
NZ_LS974444.1	880001	890001	118193
NZ_LS974444.1	890001	900001	140346
NZ_LS974444.1	900001	910001	20655
NZ_LS974444.1	910001	920001	6870
NZ_LS974444.1	920001	930001	16139
NZ_LS974444.1	930001	940001	20614
NZ_LS974444.1	940001	950001	4849
NZ_LS974444.1	950001	960001	5688
NZ_LS974444.1	960001	970001	7626
NZ_LS974444.1	970001	980001	15539
NZ_LS974444.1	980001	990001	3125
NZ_LS974444.1	990001	1000001	15163
NZ_LS974444.1	1000001	1010001	37992
NZ_LS974444.1	1010001	1020001	121790
NZ_LS974444.1	1020001	1030001	203052
NZ_LS974444.1	1030001	1040001	141978
NZ_LS974444.1	1040001	1050001	143544
NZ_LS974444.1	1050001	1060001	98358
NZ_LS974444.1	1060001	1070001	132326
NZ_LS974444.1	1070001	1080001	99555
NZ_LS974444.1	1080001	1090001	114255
NZ_LS974444.1	1090001	1100001	90239
NZ_LS974444.1	1100001	1110001	31701
NZ_LS974444.1	1110001	1120001	3506
NZ_LS974444.1	1120001	1130001	4089
NZ_LS974444.1	1130001	1140001	8097
NZ_LS974444.1	1140001	1150001	4104
NZ_LS974444.1	1150001	1160001	13829
NZ_LS974444.1	1160001	1170001	11452
NZ_LS974444.1	1170001	1180001	10005
NZ_LS974444.1	1180001	1190001	11454
NZ_LS974444.1	1190001	1200001	32029
NZ_LS974444.1	1200001	1210001	147554
NZ_LS974444.1	1210001	1220001	142634
NZ_LS974444.1	1220001	1230001	181470
NZ_LS974444.1	1230001	1240001	146833
NZ_LS974444.1	1240001	1250001	87360
NZ_LS974444.1	1250001	1260001	128035
NZ_LS974444.1	1260001	1270001	92986
NZ_LS974444.1	1270001	1280001	43761
NZ_LS974444.1	1280001	1290001	145004
NZ_LS974444.1	1290001	1300001	158899
NZ_LS974444.1	1300001	1310001	41309
NZ_LS974444.1	1310001	1320001	89980
NZ_LS974444.1	1320001	1330001	2653
NZ_LS974444.1	1330001	1340001	693
NZ_LS974444.1	1340001	1350001	5412
NZ_LS974444.1	1350001	1360001	33811
NZ_LS974444.1	1360001	1370001	63437
NZ_LS974444.1	1370001	1380001	11651
NZ_LS974444.1	1380001	1390001	23062
NZ_LS974444.1	1390001	1400001	32054
NZ_LS974444.1	1400001	1410001	104186
NZ_LS974444.1	1410001	1420001	121119
NZ_LS974444.1	1420001	1430001	46592
NZ_LS974444.1	1430001	1440001	100406
NZ_LS974444.1	1440001	1450001	87303
NZ_LS974444.1	1450001	1460001	93899
NZ_LS974444.1	1460001	1470001	77191
NZ_LS974444.1	1470001	1480001	85871
NZ_LS974444.1	1480001	1490001	129221
NZ_LS974444.1	1490001	1500001	149423
NZ_LS974444.1	1500001	1510001	61112
NZ_LS974444.1	1510001	1520001	23193
NZ_LS974444.1	1520001	1530001	13656
NZ_LS974444.1	1530001	1540001	0
NZ_LS974444.1	1540001	1550001	4532
NZ_LS974444.1	1550001	1560001	6897
NZ_LS974444.1	1560001	1570001	15379
NZ_LS974444.1	1570001	1580001	87288
NZ_LS974444.1	1580001	1590001	18000
NZ_LS974444.1	1590001	1600001	33978
NZ_LS974444.1	1600001	1610001	129918
NZ_LS974444.1	1610001	1620001	118669
NZ_LS974444.1	1620001	1630001	115497
NZ_LS974444.1	1630001	1640001	108999
NZ_LS974444.1	1640001	1650001	104455
NZ_LS974444.1	1650001	1660001	126944
NZ_LS974444.1	1660001	1670001	121788
NZ_LS974444.1	1670001	1680001	125395
NZ_LS974444.1	1680001	1690001	116551
NZ_LS974444.1	1690001	1700001	139990
NZ_LS974444.1	1700001	1710001	13985
NZ_LS974444.1	1710001	1720001	0
NZ_LS974444.1	1720001	1730001	7655
NZ_LS974444.1	1730001	1740001	10496
NZ_LS974444.1	1740001	1750001	2254
NZ_LS974444.1	1750001	1760001	1176
NZ_LS974444.1	1760001	1770001	1320
NZ_LS974444.1	1770001	1780001	18655
NZ_LS974444.1	1780001	1790001	20217
NZ_LS974444.1	1790001	1800001	7773
