NZ_LS974444.1	0	9999	1971063
NZ_LS974444.1	10000	19999	1311458
NZ_LS974444.1	20000	29999	1276564
NZ_LS974444.1	30000	39999	1744496
NZ_LS974444.1	40000	49999	1665578
NZ_LS974444.1	50000	59999	420445
NZ_LS974444.1	60000	69999	350856
NZ_LS974444.1	70000	79999	1138767
NZ_LS974444.1	80000	89999	1320115
NZ_LS974444.1	90000	99999	1393254
NZ_LS974444.1	100000	109999	415558
NZ_LS974444.1	110000	119999	131388
NZ_LS974444.1	120000	129999	189621
NZ_LS974444.1	130000	139999	156248
NZ_LS974444.1	140000	149999	154235
NZ_LS974444.1	150000	159999	127957
NZ_LS974444.1	160000	169999	105826
NZ_LS974444.1	170000	179999	105900
NZ_LS974444.1	180000	189999	61800
NZ_LS974444.1	190000	199999	315476
NZ_LS974444.1	200000	209999	1311936
NZ_LS974444.1	210000	219999	1646119
NZ_LS974444.1	220000	229999	1295128
NZ_LS974444.1	230000	239999	1699287
NZ_LS974444.1	240000	249999	1777023
NZ_LS974444.1	250000	259999	1573761
NZ_LS974444.1	260000	269999	1442937
NZ_LS974444.1	270000	279999	1199150
NZ_LS974444.1	280000	289999	1401239
NZ_LS974444.1	290000	299999	1262440
NZ_LS974444.1	300000	309999	244586
NZ_LS974444.1	310000	319999	294144
NZ_LS974444.1	320000	329999	434294
NZ_LS974444.1	330000	339999	186911
NZ_LS974444.1	340000	349999	68903
NZ_LS974444.1	350000	359999	127720
NZ_LS974444.1	360000	369999	112666
NZ_LS974444.1	370000	379999	77356
NZ_LS974444.1	380000	389999	92093
NZ_LS974444.1	390000	399999	100021
NZ_LS974444.1	400000	409999	102521
NZ_LS974444.1	410000	419999	1328551
NZ_LS974444.1	420000	429999	1061447
NZ_LS974444.1	430000	439999	1361770
NZ_LS974444.1	440000	449999	1575064
NZ_LS974444.1	450000	459999	1503856
NZ_LS974444.1	460000	469999	1267915
NZ_LS974444.1	470000	479999	1496935
NZ_LS974444.1	480000	489999	1175259
NZ_LS974444.1	490000	499999	1186379
NZ_LS974444.1	500000	509999	442964
NZ_LS974444.1	510000	519999	52839
NZ_LS974444.1	520000	529999	142211
NZ_LS974444.1	530000	539999	103838
NZ_LS974444.1	540000	549999	105613
NZ_LS974444.1	550000	559999	94846
NZ_LS974444.1	560000	569999	95523
NZ_LS974444.1	570000	579999	146023
NZ_LS974444.1	580000	589999	215396
NZ_LS974444.1	590000	599999	336814
NZ_LS974444.1	600000	609999	1677550
NZ_LS974444.1	610000	619999	1559787
NZ_LS974444.1	620000	629999	1381576
NZ_LS974444.1	630000	639999	1058189
NZ_LS974444.1	640000	649999	1260173
NZ_LS974444.1	650000	659999	1569686
NZ_LS974444.1	660000	669999	1086504
NZ_LS974444.1	670000	679999	1606476
NZ_LS974444.1	680000	689999	2085650
NZ_LS974444.1	690000	699999	1427238
NZ_LS974444.1	700000	709999	26474
NZ_LS974444.1	710000	719999	61621
NZ_LS974444.1	720000	729999	6769
NZ_LS974444.1	730000	739999	76497
NZ_LS974444.1	740000	749999	117263
NZ_LS974444.1	750000	759999	133064
NZ_LS974444.1	760000	769999	155906
NZ_LS974444.1	770000	779999	111630
NZ_LS974444.1	780000	789999	269026
NZ_LS974444.1	790000	799999	644192
NZ_LS974444.1	800000	809999	1780826
NZ_LS974444.1	810000	819999	1830672
NZ_LS974444.1	820000	829999	1943901
NZ_LS974444.1	830000	839999	1606241
NZ_LS974444.1	840000	849999	1341336
NZ_LS974444.1	850000	859999	1649352
NZ_LS974444.1	860000	869999	857341
NZ_LS974444.1	870000	879999	1489980
NZ_LS974444.1	880000	889999	1602231
NZ_LS974444.1	890000	899999	2025267
NZ_LS974444.1	900000	909999	344107
NZ_LS974444.1	910000	919999	64966
NZ_LS974444.1	920000	929999	217964
NZ_LS974444.1	930000	939999	252941
NZ_LS974444.1	940000	949999	124140
NZ_LS974444.1	950000	959999	113661
NZ_LS974444.1	960000	969999	120094
NZ_LS974444.1	970000	979999	177242
NZ_LS974444.1	980000	989999	101878
NZ_LS974444.1	990000	999999	222632
NZ_LS974444.1	1000000	1009999	560819
NZ_LS974444.1	1010000	1019999	1656563
NZ_LS974444.1	1020000	1029999	2740331
NZ_LS974444.1	1030000	1039999	1860491
NZ_LS974444.1	1040000	1049999	1911808
NZ_LS974444.1	1050000	1059999	1337738
NZ_LS974444.1	1060000	1069999	1677265
NZ_LS974444.1	1070000	1079999	1342431
NZ_LS974444.1	1080000	1089999	1552205
NZ_LS974444.1	1090000	1099999	1152657
NZ_LS974444.1	1100000	1109999	438654
NZ_LS974444.1	1110000	1119999	102806
NZ_LS974444.1	1120000	1129999	161142
NZ_LS974444.1	1130000	1139999	139400
NZ_LS974444.1	1140000	1149999	90670
NZ_LS974444.1	1150000	1159999	212620
NZ_LS974444.1	1160000	1169999	153013
NZ_LS974444.1	1170000	1179999	189946
NZ_LS974444.1	1180000	1189999	93537
NZ_LS974444.1	1190000	1199999	552587
NZ_LS974444.1	1200000	1209999	2136314
NZ_LS974444.1	1210000	1219999	2022987
NZ_LS974444.1	1220000	1229999	2419271
NZ_LS974444.1	1230000	1239999	2100503
NZ_LS974444.1	1240000	1249999	1303300
NZ_LS974444.1	1250000	1259999	1827211
NZ_LS974444.1	1260000	1269999	1219206
NZ_LS974444.1	1270000	1279999	624865
NZ_LS974444.1	1280000	1289999	1837318
NZ_LS974444.1	1290000	1299999	2122728
NZ_LS974444.1	1300000	1309999	804757
NZ_LS974444.1	1310000	1319999	1115501
NZ_LS974444.1	1320000	1329999	76413
NZ_LS974444.1	1330000	1339999	102597
NZ_LS974444.1	1340000	1349999	98961
NZ_LS974444.1	1350000	1359999	410672
NZ_LS974444.1	1360000	1369999	948404
NZ_LS974444.1	1370000	1379999	226325
NZ_LS974444.1	1380000	1389999	403593
NZ_LS974444.1	1390000	1399999	466073
NZ_LS974444.1	1400000	1409999	1472829
NZ_LS974444.1	1410000	1419999	1658313
NZ_LS974444.1	1420000	1429999	625181
NZ_LS974444.1	1430000	1439999	1253413
NZ_LS974444.1	1440000	1449999	1124214
NZ_LS974444.1	1450000	1459999	1236311
NZ_LS974444.1	1460000	1469999	1076511
NZ_LS974444.1	1470000	1479999	1271950
NZ_LS974444.1	1480000	1489999	1642124
NZ_LS974444.1	1490000	1499999	1979447
NZ_LS974444.1	1500000	1509999	784027
NZ_LS974444.1	1510000	1519999	327610
NZ_LS974444.1	1520000	1529999	185470
NZ_LS974444.1	1530000	1539999	72268
NZ_LS974444.1	1540000	1549999	124148
NZ_LS974444.1	1550000	1559999	195457
NZ_LS974444.1	1560000	1569999	270791
NZ_LS974444.1	1570000	1579999	1223306
NZ_LS974444.1	1580000	1589999	293199
NZ_LS974444.1	1590000	1599999	468579
NZ_LS974444.1	1600000	1609999	1841390
NZ_LS974444.1	1610000	1619999	1717537
NZ_LS974444.1	1620000	1629999	1531079
NZ_LS974444.1	1630000	1639999	1393693
NZ_LS974444.1	1640000	1649999	1328692
NZ_LS974444.1	1650000	1659999	1590307
NZ_LS974444.1	1660000	1669999	1581382
NZ_LS974444.1	1670000	1679999	1562061
NZ_LS974444.1	1680000	1689999	1503963
NZ_LS974444.1	1690000	1699999	2010148
NZ_LS974444.1	1700000	1709999	357673
NZ_LS974444.1	1710000	1719999	87247
NZ_LS974444.1	1720000	1729999	64239
NZ_LS974444.1	1730000	1739999	87735
NZ_LS974444.1	1740000	1749999	90886
NZ_LS974444.1	1750000	1759999	135907
NZ_LS974444.1	1760000	1769999	93174
NZ_LS974444.1	1770000	1779999	253957
NZ_LS974444.1	1780000	1789999	317259
NZ_LS974444.1	1790000	1799999	149421
